0
1
0
1
0
1
43
10
1
4
3
6
0
1
0
1
0
0
0
0
0
0
13
0
0
0
37
0
7
1
1
1
1
1
4
2
1
10
7
0
49
0
8
6
3
0
0
0
9
1
0
1
0
3
1
1
0
0
0
2
6
3
0
0
1
2
0
0
2
0
1
2
0
0
0
1
14
0
0
8
1
0
1
64
1
0
0
7
2
0
10
1
5
6
6
6
1
0
0
0
0
1
0
0
0
0
0
0
0
0
0
1
2
1
29
0
0
0
16
0
0
0
2
0
0
0
0
6
0
7
0
11
0
0
0
1
3
0
2
16
0
4
1
0
12
0
3
7
2
0
3
2
1
13
4
1
0
1
0
0
1
0
2
0
5
1
0
1
1
0
0
0
0
0
0
9
11
1
2
0
2
0
0
1
2
2
0
0
9
3
0
18
0
0
1
3
3
2
1
4
0
2
1
1
0
0
29
1
0
0
0
0
0
0
1
13
0
2
0
0
0
0
2
0
0
17
1
0
0
5
1
0
1
0
0
1
0
0
0
0
0
0
1
1
0
0
3
122
28
4
1
0
0
2
0
5
0
16
1
0
1
0
0
0
0
0
1
1
2
0
4
0
2
2
2
0
3
1
1
4
1
0
0
0
0
0
3
0
0
2
0
4
7
1
0
0
8
1
0
3
4
0
21
0
0
1
0
0
2
0
0
0
5
0
7
1
10
0
0
5
0
0
6
0
0
0
6
1
1
0
0
0
0
3
0
1
0
13
0
0
0
3
1
0
0
1
10
0
0
0
0
0
0
0
4
0
0
0
1
1
4
0
0
0
2
0
0
1
4
54
0
6
1
0
1
1
0
0
4
0
1
1
4
0
1
0
4
0
21
5
3
0
1
6
0
7
3
1
3
0
2
0
3
1
7
0
10
0
4
103
7
1
0
6
0
2
1
2
4
5
6
0
0
1
4
1
9
3
0
20
0
1
0
0
0
0
2
0
1
8
0
19
5
1
0
0
23
1
1
0
1
1
2
0
13
3
0
1
0
0
2
3
3
0
1
1
1
0
6
0
15
0
4
1
0
5
0
1
3
1
0
1
0
0
2
1
1
0
0
0
0
1
6
0
0
0
1
0
0
0
1
2
7
0
0
0
0
1
1
5
1
0
0
14
0
4
2
2
0
0
0
0
10
2
5
0
0
8
2
12
0
0
2
8
0
0
0
0
2
0
0
1
0
1
0
0
0
10
1
0
0
7
2
0
0
1
0
1
0
3
0
0
3
2
2
45
4
4
0
6
0
0
0
8
16
0
3
1
0
7
0
2
0
0
0
0
5
1
0
1
116
6
13
0
6
10
2
5
0
3
0
1
0
0
4
9
8
0
0
0
1
0
2
0
3
1
1
2
27
0
1
0
0
0
0
51
0
8
1
1
1
0
13
0
0
0
0
0
0
1
1
0
34
3
3
0
0
0
6
0
0
1
0
3
0
1
0
0
1
0
4
0
1
0
0
1
0
2
1
3
1
3
5
0
0
0
1
0
6
0
0
0
0
0
6
0
1
10
0
0
0
0
2
1
5
2
4
2
0
1
0
0
4
3
4
0
11
20
0
20
5
0
6
0
0
6
0
1
0
1
5
1
2
0
0
1
0
3
0
0
1
0
0
1
0
0
1
5
0
20
0
0
0
23
0
9
0
1
0
0
4
1
0
0
0
0
0
0
0
3
0
0
8
0
39
4
0
1
0
6
2
1
1
1
5
0
1
4
2
3
3
20
0
0
0
2
5
0
4
4
0
0
0
0
0
2
2
2
0
0
0
0
0
0
0
3
10
0
0
3
0
0
0
2
4
0
0
0
11
39
1
0
1
8
5
0
0
0
7
0
0
3
5
25
1
5
0
6
11
1
0
0
0
7
7
0
2
5
1
11
3
0
3
1
2
0
4
0
4
0
6
15
0
0
0
0
8
0
2
19
4
2
4
9
0
0
1
0
0
9
5
12
0
8
2
1
10
1
0
5
4
0
0
0
17
6
0
0
13
9
0
1
4
23
0
3
7
43
11
5
1
1
0
0
0
5
2
0
0
1
1
7
2
1
0
0
7
0
0
1
0
1
0
0
0
0
2
0
0
1
0
0
6
0
7
1
3
0
1
1
0
0
0
0
0
0
6
8
0
0
0
0
2
3
0
9
0
1
0
0
0
1
68
1
3
0
5
1
4
0
0
6
1
1
7
53
0
1
0
5
1
0
1
5
8
4
0
1
23
1
0
0
3
4
0
39
0
1
9
1
1
0
26
4
0
1
2
21
4
3
0
1
1
1
1
6
0
0
0
0
1
0
3
0
1
1
0
2
0
0
29
1
0
0
0
2
1
0
4
1
0
1
0
0
1
0
3
0
0
1
1
46
1
0
0
0
0
5
3
0
5
0
0
11
0
2
0
2
0
2
0
0
0
5
1
0
2
72
1
6
1
0
1
0
24
1
0
0
5
0
0
1
0
0
2
0
6
0
0
21
9
0
0
0
0
0
1
0
1
12
0
1
0
0
0
2
2
1
4
7
0
26
0
0
2
6
4
9
0
5
2
4
0
0
3
0
2
0
1
7
1
0
0
0
0
0
0
0
4
3
2
0
3
0
1
0
0
0
0
0
5
18
0
0
9
0
3
0
1
12
0
0
3
0
1
0
0
0
6
2
4
0
31
0
1
0
0
2
8
1
1
1
0
0
0
0
0
6
5
0
0
2
1
0
7
0
0
0
0
1
1
1
0
0
0
0
4
1
0
0
2
1
0
0
3
0
0
0
0
1
1
0
2
0
0
1
64
4
4
2
0
0
3
0
16
0
24
1
0
0
4
2
29
1
0
0
0
2
1
0
0
15
0
1
0
0
1
27
0
0
9
1
0
0
9
0
6
3
0
7
9
32
0
0
0
8
1
1
0
0
1
5
1
0
1
2
3
3
0
6
2
3
1
1
0
0
1
0
0
0
1
1
11
16
12
3
5
3
0
1
4
0
6
0
0
1
1
2
1
50
0
22
2
0
0
0
1
0
20
0
0
0
0
1
0
6
1
0
8
6
2
0
1
0
1
63
0
27
0
0
2
6
10
0
0
0
0
0
2
1
2
22
0
1
1
2
21
3
2
0
0
0
0
13
1
5
0
8
2
2
0
0
0
0
0
70
0
2
5
3
9
0
1
1
1
4
25
1
0
1
0
1
0
1
0
2
0
1
4
0
0
2
8
0
0
1
3
0
0
4
4
0
0
42
3
9
1
1
0
4
11
0
0
3
0
2
0
3
1
1
44
9
1
0
0
2
3
0
0
1
0
0
11
1
0
4
0
0
2
2
3
0
0
3
2
0
1
0
9
1
0
3
0
0
1
10
6
0
0
0
1
8
2
1
1
0
7
5
4
0
4
0
11
0
2
1
16
1
25
1
2
2
2
1
3
1
13
1
0
2
0
0
0
0
0
1
0
6
1
1
5
0
5
0
0
2
1
2
0
1
0
2
1
14
10
0
0
9
0
0
0
0
0
0
0
24
0
2
4
7
2
14
0
1
1
46
7
0
0
0
0
19
51
0
1
0
0
2
1
2
0
10
0
0
2
1
1
0
0
3
6
0
0
3
3
3
0
0
0
6
1
0
0
0
0
8
0
2
3
1
2
0
24
0
9
2
0
0
0
19
0
0
1
0
8
2
0
1
5
1
6
96
0
0
11
0
1
3
1
2
2
0
0
0
0
0
0
0
0
0
1
3
1
0
4
1
1
4
1
5
0
0
7
0
1
0
1
0
2
3
8
12
1
9
0
2
5
2
0
2
5
1
0
0
6
0
2
0
1
7
0
1
0
0
4
25
0
2
0
3
0
0
0
0
4
4
1
3
3
2
4
0
2
1
0
535
4
1
5
0
1
0
21
0
0
0
0
1
0
7
13
0
2
3
0
0
1
14
3
2
0
1
2
3
26
1
0
2
6
0
0
1
1
1
1
0
1
0
0
8
5
6
0
3
8
0
0
0
5
0
5
1
7
14
3
0
10
10
1
1
1
0
1
1
0
0