1.72823698041
2.89245901639
1.6563876652
0.812196812197
2.86069651741
2.47007080026
6.17647058824
2.24154826066
5.41155743481
0.264705882353
2.28618421053
8.18121867581
0.949626131444
5.42413793103
8.55555555556
3.37854998846
1.69902027797
2.1
3.64564007421
0.320819112628
0.693703913783
0.291065292096
0.734866828087
3.16323879628
1.00853485064
2.31830168776
1.91414141414
6.1227929374
1.29246001523
0.590286538115
7.76543209877
0.40644054878
4.07829027224
3.29980276134
3.6525974026
6.69128787879
1.75
4.88739528541
0.361996779388
1.38827160494
2.075
0.701754385965
0.55045045045
0.128205128205
1.33146067416
3.84745762712
1.77696078431
4.41021645022
5.09595959596
1.65711206897
0.463362068966
0.560047378721
1.89545454545
4.52450980392
1.45032796661
1.73047619048
4.5595959596
5.53174603175
4.14761904762
2.93703703704
3.61149425287
2.04785585586
1.33885057471
3.45225077456
14.3703703704
2.15008291874
11.8
2.5330730861
3.03289328122
1.96363636364
2.8489010989
0.429378531073
0.837320574163
6.9472972973
3.16393442623
2.75850340136
2.06179516686
0.664162615996
3.08522727273
3.92250072025
0.153335545967
5.02881355932
1.47869674185
4.80607594937
3.61111111111
3.6375
3.59975520196
1.25714285714
0.773839195052
0.777777777778
3.69444444444
10.9436363636
1.80305131761
1.0
2.06923076923
0.761607142857
4.62115246958
1.61762171478
1.26691729323
2.72837837838
2.37068965517
2.43879976233
1.55631868132
1.84711111111
0.298969072165
6.88081395349
1.22872340426
1.00336105731
0.848122372046
4.08692185008
2.81481481481
0.329292929293
6.53571428571
1.17283950617
2.49275362319
1.70823575332
0.308823529412
2.64754098361
1.32364864865
0.908835904628
0.896084337349
1.62
9.66666666667
6.49879227053
5.33571428571
0.472666322847
0.341346153846
6.86666666667
10.9623188406
6.21018062397
1.7125
1.64461152882
1.50102599179
4.63245901639
0.524130190797
0.850529100529
1.74599310205
0.302134646962
0.694396551724
5.00519480519
1.88888888889
4.07018348624
0.0363636363636
4.18965517241
2.7815428058
0.051724137931
0.560892328705
5.75434782609
0.852173913043
1.86249467859
1.54537671233
0.715277777778
1.82988721805
1.25745033113
0.276960784314
1.16478978979
2.743935984
3.09770889488
0.45873015873
1.08299866131
2.45849297573
0.785739130435
2.43829101004
2.84651642363
2.42883079158
7.78260869565
5.33333333333
3.82417582418
1.13517724971
1.45
0.775558166863
1.55354752343
8.5407239819
0.5
0.656544502618
0.208699902248
1.2660507803
6.72640449438
0.941942485079
1.21621621622
7.00675675676
13.0072463768
5.03856665654
7.63218390805
2.0461106656
21.0351473923
0.481481481481
2.55636070853
0.257575757576
1.47650407412
1.41421881652
2.8
9.69429590018
8.48081841432
12.2328767123
0.74033680834
0.566245413779
3.29418789809
2.0652173913
1.42451690821
1.42142857143
1.08474393531
4.83143939394
1.71829150579
4.05850032321
1.54679802956
2.03540372671
4.25
0.437142857143
1.20660516217
4.31217391304
1.89879802956
0.721292696473
6.19196428571
2.50751610594
8.08392857143
1.29065524353
6.03759110088
0.298136645963
3.79034690799
1.86379928315
1.66666666667
1.12606214331
3.09125766871
1.84103641457
1.35042735043
4.93536971503
0.9
2.62223283962
0.90583878339
0.705357142857
1.58193041526
5.16908742121
4.40476190476
5.34097817077
3.50849150849
1.2784992785
4.97385620915
2.3195663397
2.40992647059
0.720930232558
2.4224137931
0.0987654320988
0.727891156463
0.892857142857
1.07207207207
1.35441767068
1.62211981567
1.23202183735
1.44769717038
0.556701030928
0.857654889913
4.67934336525
1.33537331701
5.71698113208
3.30769230769
1.65576923077
8.81376518219
3.45287356322
13.3167092924
0.95986292568
18.2222222222
9.35380116959
6.15835777126
4.7027027027
3.74236999147
1.502891845
1.46591820369
2.36917562724
0.17
1.93495251702
1.15873015873
2.42255319149
1.80471660355
0.130434782609
1.1405782652
1.93032786885
1.8929245283
0.337078651685
0.14504076087
2.39663299663
11.6072092159
1.46156428332
0.919899874844
0.4875
1.98432601881
7.24357912179
0.781293907938
1.87762237762
0.483179598481
2.40610328638
0.803333333333
1.0
5.09482758621
1.29886211513
2.82147937411
11.2433380084
0.801831770856
1.91334440753
2.1399839099
0.730558125193
1.70538018662
0.231234866828
8.10656342183
4.77777777778
3.65625
1.94304029304
0.807692307692
0.506753812636
2.58820127241
4.28484848485
1.27195896719
5.63333333333
2.98074523088
0.609974424552
2.94927536232
3.07161803714
1.68111455108
1.8425
1.9703078606
0.948148148148
2.46666666667
4.9751552795
2.83959227468
3.53846153846
0.318548387097
0.0869565217391
6.4972972973
0.906622464283
5.03913630229
5.58285714286
0.273400673401
0.767611814346
0.705329153605
0.680058651026
2.58585858586
0.336956521739
0.0285714285714
3.77210884354
2.93029304664
1.10317460317
0.12891165882
6.94927536232
0.714583333333
0.903225806452
8.43768115942
6.39488104785
1.68210004134
0.333333333333
0.917148826744
0.364130434783
0.915087040619
2.44652646267
2.5
1.15868673051
2.79230769231
1.89656084656
1.175
4.96212121212
1.48924731183
0.0208333333333
1.30150125104
5.23333333333
0.383333333333
1.29204892966
3.53793103448
0.954545454545
0.777777777778
1.95394947234
1.7
9.95515151515
4.8837535014
4.6875
0.753846153846
0.962393162393
0.4
1.10989010989
0.264
2.22916666667
1.20833333333
0.646062831497
4.77102040816
4.01818181818
1.5141509434
4.9609929078
11.4442813765
0.318518518519
0.840037712131
0.449612403101
3.04269293924
1.12586206897
2.28679802956
0.909973226238
1.74783494651
3.09730848861
0.309803921569
1.65206508135
0.423333333333
0.914345991561
2.97232994445
2.2702991453
11.6186612576
3.06690777577
5.99309000709
1.45437239008
5.29280397022
6.1687136393
1.78376068376
0.766228070175
2.22545317221
0.18125
4.75
5.86751760563
4.0
1.13793103448
2.93888888889
2.1954887218
6.48947368421
1.84285714286
1.01863354037
4.10824837813
1.73173415493
2.16129032258
2.625
1.19420289855
2.67439082656
1.63475177305
2.57307692308
1.56180584122
0.624394874229
8.24341736695
2.625
1.62396531336
1.40677966102
7.9
2.03961188677
8.57142857143
1.53082706767
2.36363636364
0.997142857143
5.06008010681
2.35487708168
0.215053763441
0.574100211715
3.61857142857
0.720930232558
3.88996715437
1.30735930736
0.0
0.213443396226
1.3812284334
0.621568627451
5.49109589041
1.17222222222
2.43327008223
7.75
8.42727272727
2.49056603774
1.22839506173
0.659365079365
0.987577639752
0.333333333333
2.08782051282
2.25572429907
3.63298969072
3.88306451613
0.503785714286
0.136363636364
4.46859903382
0.379936227618
0.828088740369
5.33931034483
2.65196078431
3.15404040404
0.520017744261
1.0343061956
1.2560483871
7.33816425121
1.55020352782
1.58934169279
2.32054331978
0.582738095238
4.62147887324
0.902777777778
5.61416397297
7.0652173913
2.12176533144
3.19651837524
2.38819875776
0.816666666667
1.27777777778
0.278450363196
11.0069781553
0.318239722061
6.0253968254
1.88333333333
4.07937784929
2.12718378756
3.57692307692
2.63909774436
3.4
3.50888888889
0.307692307692
0.668632893824
1.48999880225
3.15756434401
2.13871635611
0.23431085044
4.32869565217
6.12121212121
0.10752293578
4.20637898687
0.841430499325
0.376175548589
5.25
1.26454949164
1.31282051282
0.78842676311
7.00263157895
1.48942917548
1.04465116279
1.75511055486
6.07575757576
0.48347826087
7.46078431373
0.684455476264
1.8311817279
1.46181491465
84.1129032258
0.415611814346
6.69565217391
4.39285714286
3.9922752809
1.45679389313
5.06198655713
24.3775561097
5.67276595745
0.590436590437
0.420261669024
1.86703741153
1.44444444444
1.02662852113
0.075
6.27209443099
3.38311688312
5.96111111111
2.41322055138
9.75786924939
0.758458646617
2.25208333333
4.58382295339
1.86824203366
3.03560126582
0.413824884793
5.7772606383
0.0748204309657
3.98765432099
1.77510339684
1.94852941176
5.60810810811
5.70476190476
3.06666666667
0.529411764706
0.4375
0.642857142857
0.0909090909091
6.2185244587
1.29120879121
0.62752293578
5.24905660377
1.5493767977
9.9779856907
0.451832907076
1.51990049751
3.33791208791
1.84222222222
1.43778801843
12.6952380952
3.27272727273
1.94664371773
3.2
3.29166666667
3.83089430894
2.43687650499
0.350079744817
1.06666666667
3.4175204918
2.77122580645
5.33228840125
32.5888888889
2.26902025178
3.35197368421
0.722222222222
0.157894736842
0.47619047619
6.59523809524
4.83956764634
0.768205128205
0.248366013072
0.9261416589
1.22750475428
4.59772326439
4.21428571429
1.73556851312
1.41660859466
3.56868131868
1.16993464052
2.66239316239
1.82711864407
14.7545787546
1.13861386139
4.85963748895
2.01847133758
1.94772256729
1.08563829787
2.83766233766
2.29370629371
2.08727462765
3.20261719873
1.33362068966
2.22142857143
7.55555555556
1.24034926471
4.76
4.94791666667
1.07653061224
0.779090909091
2.5269804822
18.4215686275
1.53611111111
4.26351351351
0.264
1.94657375145
2.52713178295
4.95020120724
1.71761416589
0.270833333333
2.30468060053
8.52370689655
2.23674739811
1.43783371472
1.13425925926
3.07258064516
1.03232323232
2.14983404457
0.625925925926
1.87053720387
9.25
1.16326530612
1.45882352941
0.668803418803
1.18798449612
1.61660280971
2.15533980583
1.41999072356
2.43886424135
0.0
0.246753246753
0.48435171386
1.30522875817
0.134082397004
23.2777777778
0.276813788285
2.30519480519
0.272331154684
3.16590909091
2.66251298027
2.65579937304
4.66393442623
4.35175879397
3.09428571429
3.27829457364
1.63624733475
0.446601941748
1.83906810036
1.22056962025
0.358107002618
4.00659340659
3.26388657214
2.07956600362
0.324324324324
6.18034188034
0.226839496759
1.74920886076
1.00077639752
9.14285714286
6.35828877005
1.6874814154
2.03903708523
2.1704961705
0.872445384073
0.671875
1.29585006693
0.756613756614
1.60970639993
0.630104139731
1.13436748962
0.214592274678
3.12631578947
2.16666666667
1.18349981502
0.047619047619
4.1
1.86948529412
1.75555555556
0.156462585034
1.33615560641
2.5544249152
1.28575334974
1.54285714286
0.736842105263
3.22921929508
2.54981084489
0.465033783784
0.4
1.08585858586
2.54255319149
12.668202765
1.01923076923
0.318518518519
2.24729064039
5.90609390609
1.31506090808
3.86666666667
9.47826086957
5.45998729755
1.67794486216
0.460992907801
1.8859217008
2.23847167325
1.31818181818
16.9585687382
3.045
0.548766157462
1.86742424242
4.17254449572
3.83619047619
1.26786978061
1.49964362081
1.13537005164
2.00514705882
1.44498069498
4.35294117647
4.4
2.49635757501
0.0769230769231
2.44861501405
2.72335164835
5.1467160037
2.32058823529
0.863321093431
10.5013605442
1.1203539823
5.51293103448
2.03933566434
1.21447368421
2.57598130658
2.66666666667
0.857142857143
1.95634920635
5.32444061962
0.866666666667
5.24508196721
6.13095238095
1.5875
1.27419354839
1.12402129659
1.39674768316
0.410194174757
1.45623529412
2.29385964912
1.48730650155
3.58798449612
2.10026460702
4.52867383513
5.41590909091
1.03471057047
1.02063983488
3.79198909942
0.804347826087
1.98152337858
0.832142857143
8.45833333333
1.19072164948
1.60911401598
1.87567567568
1.01307189542
0.410194174757
2.15384615385
0.871435250117
1.87600356824
1.96349466776
1.54147465438
0.680272108844
1.76666666667
3.0744400527
1.89583333333
3.12393887946
0.609114811569
4.62433862434
1.0
2.66095121453
3.18532873959
4.48444444444
34.0285714286
0.280821917808
0.360687960688
1.53571428571
1.54492753623
0.0704656862745
4.31672203765
6.03225806452
2.30328467153
0.836609336609
1.62325510048
1.73731707317
2.05121703854
2.02232804233
0.652464228935
3.22893772894
1.28039832285
0.951470588235
27.9032258065
0.438043478261
1.1567251462
1.59153318078
2.28282828283
1.59247691472
0.18427672956
2.96296296296
2.86118930331
1.34914017718
2.80962962963
0.536868686869
3.9335071708
1.68421052632
4.04761904762
0.151724137931
0.690273419991
5.02358722359
0.18927754168
0.457142857143
1.86735745953
0.464559386973
2.33333333333
1.35357142857
1.90402133525
0.502265979059
0.945736434109
5.41496598639
1.73048128342
4.20408163265
13.6
0.405405405405
1.30222222222
0.924679487179
2.37962962963
1.27834213734
0.966257668712
0.825274725275
0.70132610006
0.591112770724
1.59664607237
9.77570093458
1.43035714286
2.85
7.03658536585
5.15413533835
0.656106620057
1.84673604541
4.40677966102
1.87264957265
2.11538461538
1.96129032258
0.315151515152
2.12592592593
0.875949848024
11.7708578143
2.53410553411
10.1188986233
2.36507936508
5.31310861423
1.35535191549
6.11481481481
2.94680851064
3.13369565217
1.03225806452
0.445231958763
250.356687898
2.91071428571
0.706311525978
0.191788856305
0.648119973919
0.857142857143
1.08927536232
1.66990291262
0.40058910162
1.52019230769
0.0686217008798
3.0
0.516387008144
1.03656821378
2.83039215686
0.74
0.512882447665
5.91666666667
3.76102941176
1.54545454545
3.77306903623
1.90196078431
2.48972099853
0.677034576476
4.93099547511
1.31547619048
21.3986068111
1.30725806452
5.46618357488
0.198829402651
1.29218865144
4.16037151703
0.706766917293
1.50202020202
1.35743204164
0.598596890406
1.7223880597
1.92762954037
0.758194186766
1.66563467492
0.887061403509
2.73781676413
2.23590982287
1.2951496388
4.16666666667
8.43842364532
3.37722729248
6.60142679901
1.97734746072
0.122012292283
2.45615629259
0.620509064274
1.08289241623
1.19607843137
1.73372358652
2.405
1.74444444444
7.37692307692
2.79428571429
1.10989010989
1.69744897959
2.01008827238
0.557453416149
1.8064516129
1.85954409394
0.419907765308
1.4141076315
1.71870397644
2.64835164835
0.621911421911
0.393939393939
1.39132706374
3.43684210526
0.923252279635
0.299340436327
3.42619745846
3.47607655502
2.55555555556
6.31928508385
1.4367816092
3.33107344633
2.8350014298
1.86666666667
1.86916076845
1.33258714423
1.45575757576
0.822391475363
3.45714285714
0.349928469242
5.09882352941
5.82991014121
5.17415489944
2.28455772114
2.0036199095
4.94285714286
2.16086956522
0.445322793149
1.87037037037
2.736
0.294117647059
1.08194536975
8.72752497225
1.01510320524
0.950310559006
1.192
1.44572158365
1.07391381137
14.4545454545
3.27290705339
5.05533596838
5.44166666667
4.40300468661
1.66604477612
1.28698752228
34.9583333333
0.0987654320988
4.93010752688
3.09308022045
1.14964285714
1.47826086957
0.695652173913
1.95833333333
2.83862433862
1.4391025641
4.60834951456
4.67417840376
2.2374025974
7.13280632411
0.846246973366
4.13157894737
4.75657894737
3.66738953646
2.60857142857
4.97222222222
2.24101149425
3.52777777778
2.44622331691
3.08219178082
4.56086956522
3.85636751308
4.59552630111
3.07357594937
2.72203157172
1.63703703704
0.326203208556
1.04156364065
1.07213969659
1.54982466394
0.733720180529
0.96010315534
2.28359173127
1.78798449612
1.85757121439
1.76896551724
4.2125
7.90740740741
1.92844202899
3.27619047619
1.53546511628
8.7576142132
1.76083591331
0.325740681746
2.43973214286
1.53922315308
2.18149038462
5.74848484848
1.75319219046
1.09420289855
0.0991617620831
2.61844077961
5.66666666667
1.18798449612
0.0574712643678
0.863787375415
1.22257053292
0.0847457627119
0.653343782654
0.954545454545
6.28961748634
3.192
6.05186590765
0.291984732824
3.20655926352
8.27265745008
0.80487804878
2.52298850575
1.32819074334
0.107843137255
1.05769230769
0.35175879397
1.49947786132
2.39102564103
2.41793103448
1.55322580645
0.809708001517
2.10487804878
1.58333333333
1.60344827586
1.25213675214
1.06741280583
2.9125763972
0.322735486786
0.541899441341
0.691984732824
0.0883777239709
0.258928571429
8.38034188034
3.06
0.843918983019
2.64149313056
2.22608695652
0.827878787879
2.93333333333
1.33482142857
1.79545454545
1.1912568306
1.43209876543
0.275502873563
2.57012987013
8.80793650794
3.54
1.55073529412
7.64686292001
1.58466941518
4.68069584736
1.15478999528
1.66666666667
0.86194658859
2.32579603138
2.12403549383
7.75941306755
6.27083333333
4.7640953055
2.45942647956
10.9580645161
0.268765432099
0.320819112628
2.51185717291
1.1177672956
1.93913043478
1.11451048951
0.40625
1.9886039886
3.60850439883
1.81679389313
1.76602564103
6.04978723404
1.5076142132
2.75106837607
1.82134637514
4.25219941349
1.06203473945
1.02173913043
1.90330097087
0.347916666667
5.88175853018
6.83725490196
1.20307400779
0.30487804878
3.58644067797
4.22018348624
2.58475177305
1.91313131313
2.53486590038
2.65625
0.786541402666
2.28282828283
2.79166666667
0.793006993007
1.72629695886
1.12280701754
20.2368421053
6.13071895425
1.57751136833
0.77694235589
2.50385728062
4.29843517139
13.7307692308
4.92611041926
4.43333333333
0.824175824176
0.5
0.0652173913043
9.35576923077
0.931818181818
1.74269005848
1.70089730808
0.235294117647
6.27955612463
1.22283950617
0.471014492754
1.67829977629
2.4143955276
1.9
0.356643356643
1.12410901468
0.0285714285714
8.85294117647
0.933676386507
2.19322344322
2.45585585586
0.651735131821
0.204159824849
1.91428571429
1.40989010989
1.13861386139
0.641346153846
1.34305343511
2.46080723079
5.69701726845
6.34290271132
0.5
0.691468253968
2.85471014493
1.63636363636
1.91263873971
6.28095238095
0.552717391304
5.41985376828
2.46551724138
0.837012987013
0.357142857143
1.57916666667
1.15
2.80555555556
3.14810126582
2.21102150538
4.84057971014
8.80699300699
2.16315327185
11.0333333333
4.48554033486
6.37686084142
1.6611582334
1.91413255361
5.875
1.79010265053
1.7223880597
1.81200897868
11.8166409861
7.64437012263
1.02307692308
1.60198878123
6.93201581028
2.73080168776
2.77748414376
4.63636363636
11.9666666667
4.34327122153
0.147152528873
2.5405323654
2.73174603175
0.340740740741
2.59695569175
1.01658163265
0.43766025641
1.23460721868
6.27586206897
9.28059499662
4.10779073534
2.47593582888
0.71928807947
5.18702865762
1.953125
0.860081786725
1.37380382775
1.77843137255
1.42232854864
1.73250907664
0.44347826087
0.751020408163
0.822866344605
1.77777777778
3.14688838498
6.3373015873
1.03333333333
2.15277777778
1.44622279129
2.19606879607
0.828571428571
1.1731078905
2.59459459459
0.368839427663
0.794326241135
0.676672920575
1.56956521739
4.65041208791
0.65521978022
1.37037037037
3.45125223614
1.65765765766
3.57034632035
1.72615384615
1.82211538462
1.40872011252
1.63045317221
2.96739130435
13.7964774951
6.32113821138
0.526075619296
0.714640198511
1.31059697914
1.16450648056
2.51449275362
0.778270509978
1.92906976744
1.68947368421
1.69604519774
1.97034438776
4.11279069767
1.64207377866
2.47279302976
2.11483253589
0.0377358490566
1.7
0.30487804878
12.2112676056
1.62679802956
0.453534031414
9.92857142857
0.791666666667
3.72306034483
10.2894736842
0.920634920635
2.40553633218
0.94584139265
0.457142857143
2.20048019208
1.24126984127
4.90465631929
1.12830840046
0.0769548174128
11.386977887
1.67839687195
0.0391061452514
9.43268851165
7.0
2.52799227799
2.39090909091
2.348217783
2.36274509804
1.33484848485
0.822580645161
3.07094017094
1.51159641104
1.68421052632
1.53921568627
1.9923626509
0.347666322847
7.22408026756
2.66584766585
0.843832063544
2.70681476339
8.0
5.68464144551
0.944463031114
1.27134724858
2.82786655453
4.44208846329
1.12582417582
2.50017105713
1.56785714286
0.55421686747
2.99019607843
1.96052631579
1.13725490196
1.33362193362
2.84864864865
1.13537005164
1.96830904464
3.09957986949
1.24804773186
2.63817330211
1.23611111111
1.63770491803
0.133918128655
6.12779156328
2.68530701754
0.760738052027
1.80681818182
0.0692307692308
30.6326142132
1.24444444444
1.44677790564
0.277777777778
2.25488530161
5.0
20.1257309942
2.18571428571
0.575051759834
0.192307692308
0.437142857143
2.22702702703
2.10344827586
4.11217948718
1.05376344086
0.98678514468
14.963362069
0.909090909091
1.02570422535
1.62517507003
0.487179487179
0.478723404255
1.54646464646
4.02279635258
3.56097560976
2.25
1.73943661972
5.32528957529
13.752688172
1.1956284153
1.68708827404
4.90017825312
1.25
2.93452380952
5.32887323944
2.64130434783
0.441520467836
2.07158638975
2.9387755102
0.166666666667
1.54679802956
1.5349025974
0.0
2.29542920847
0.428451178451
0.382242654613
4.48936170213
0.845238095238
2.49191505942
6.2
4.76060606061
6.5
3.1
1.08041468198
1.01894339623
3.56666666667
0.678571428571
85.5310077519
1.5
1.26721877157
1.50812338121
2.57857142857
0.429220779221
4.54166666667
5.12121212121
1.952272169
3.48148148148
2.03747441348
1.7
2.61754207037
0.524509803922
0.025
10.6696230599
0.845591594335
4.10234640321
0.367923015237
2.95357774968
2.00149365198
1.14236999147
5.68666666667
7.6797752809
1.67619047619
0.556058320764
7.79005610973
1.55525846702
0.735520755655
2.96356900278
0.302197802198
3.37807017544
0.75
1.29459203036
1.83422459893
5.31027253669
2.51113013699
0.366921269095
3.66077640952
9.63532269257
5.74324324324
0.552452559971
1.83461538462
0.999063319595
1.32603092784
0.930842607313
0.456544502618
2.5
0.731707317073
1.62899731903
0.240607210626
4.48257575758
2.94882133995
4.74493243243
0.733893557423
1.49946062567
0.25
1.4112705783
1.46697388633
2.16279069767
5.69043522267
63.3405797101
0.585302325581
1.55209763539
2.19746478873
4.60614250614
6.56639676113
0.276515151515
1.82860934686
11.7719298246
4.20532786885
0.5
2.88932753429
0.28
0.308823529412
3.82424242424
8.29518716578
0.666666666667
3.075
6.3433908046
3.85927770859
0.962962962963
1.89889549703
4.60822510823
2.78489326765
1.04369230769
2.98333333333
3.10984848485
1.50896516393
2.28736740598
1.32142857143
3.69230769231
2.74723881948
2.50677966102
1.12256493506
3.1038961039
8.35215311005
5.97316017316
1.24951965519
0.737057463085
0.787878787879
0.86628643853
2.33013136289
2.45540540541
0.409356725146
1.24
0.91452991453
0.629924242424
4.77640449438
0.744270833333
1.52631578947
2.56363636364
4.75757575758
6.12607709751
1.12087912088
3.91608938547
1.73214285714
1.2619047619
1.69506183516
1.43627170606
5.85
2.08994021851
0.427692307692
0.796296296296
1.08227848101
0.203832752613
0.922514619883
4.421875
0.302325581395
1.78358974359
4.19220136767
1.79551809998
1.07253711201
4.19047619048
2.03357903358
2.72916666667
3.94915060996
0.17
4.33848133848
0.547967479675
3.48903508772
9.29106753813
3.23291740939
3.54684385382
2.28143963172
2.85483870968
0.615369366988
2.07134894091
2.02743032697
1.16252587992
0.703761097659
1.46808510638
0.682278481013
2.08718282368
1.6061275383
0.19468845761
5.58219178082
2.47176079734
5.17993527508
1.50634920635
1.67899382171
2.02576489533
2.12063492063
0.647619047619
5.69444444444
4.22857142857
0.373134328358
0.585769980507
0.8125
3.34375
1.45833333333
1.19117647059
0.115523465704
1.7984866587
0.923076923077
1.55882352941
2.9627087623
3.14935064935
1.29453015428
0.5
0.79746835443
5.55
2.525
0.919491525424
1.99807692308
2.42551119766
6.22744425386
3.82005879059
1.27055647841
6.64242424242
2.53442879499
3.08912037037
0.265700483092
3.68673218673
2.61240310078
1.76732026144
2.51712513484
4.10703986429
4.82882882883
0.439130434783
6.25322245322
0.16430976431
3.60461956522
1.11772098869
4.72697368421
2.69230769231
3.94897959184
1.63131313131
8.75085995086
0.903584229391
5.97789115646
1.62745974955
3.71753246753
3.63023679417
3.15750033454
1.89287749288
0.152777777778
3.54166666667
3.25874125874
3.02488687783
1.02625152625
1.125
1.1
0.901385927505
6.94285714286
2.12519872814
1.31074481074
1.81464646465
5.531412376
4.79881828749
0.578048780488
7.61957730812
0.25
3.92616541353
3.8888292159
3.1260178989
2.26920722375
4.25320512821
6.17741935484
1.26428571429
2.5
0.387820512821
2.80634920635
0.627118644068
2.83820584702
3.25
1.76576576577
2.15846153846
1.43636363636
0.574020319303
3.08899123459
1.54134615385
1.30718954248
0.688465250965
0.226309921962
0.316923328965
1.80417259365
2.14121863799
1.56818181818
2.08219178082
2.28571428571
4.03111111111
4.58994708995
0.869047619048
3.01218161683
3.83030990174
1.49786688425
2.55747126437
1.1022556391
4.16941176471
0.166666666667
0.143751422718
1.44193548387
1.26217948718
3.41625124626
0.283261802575
42.2530120482
2.00107353731
0.449477351916
2.78272390037
7.55821371611
5.13675213675
0.599920223375
2.68181818182
1.42266906763
2.4375
1.44174382716
1.05588235294
1.55305131761
0.180327868852
1.75487256372
1.64517741129
2.49035284085
3.72222222222
3.16004558776
57.7467532468
0.354580677415
4.99090909091
1.59897435897
3.46134371957
4.84267241379
1.39000628536
0.221120689655
2.15164835165
0.382302405498
0.423215773396
2.31645150612
1.51716500554
0.721292696473
0.573170731707
4.29956859362
0.166666666667
1.51910149205
0.996815454258
0.705128205128
0.990846681922
1.83117647059
3.33164414414
6.53861003861
1.67686084142
3.67948717949
0.430894308943
3.05245901639
1.29411764706
26.1785714286
5.65404040404
6.75
4.15036351619
1.4980320126
2.38235294118
3.19255339436
0.435435435435
1.89069264069
0.660518053375
0.391625615764
1.36779803059
1.98353570694
1.23766233766
2.16296296296
1.41210997838
2.53333333333
3.35197368421
0.850378787879
2.61111111111
3.06666666667
1.39337121212
0.957692307692
5.26455026455
3.77984817115
1.43162737205
3.91586907716
3.58571428571
6.02142857143
0.196127946128
2.53756613757
2.32129750983
0.456544502618
2.36535303777
0.9375
4.54605128205
0.865671641791
0.849195402299
5.26086956522
1.60869565217
2.94318181818
3.04545454545
0.508021390374
2.20154440154
1.44537815126
2.39130434783
3.86647419704
7.30606060606
1.47800808898
7.27272727273
1.34444708116
1.16421052632
3.20190500063
2.14247691472
0.377540424269
1.66479400749
0.322866344605
1.57948717949
2.72110091743
5.9358974359
2.02173913043
4.10018348624
0.750936329588
2.15432098765
2.84093733357
1.85064935065
1.41622340426
9.0
0.196078431373
9.86363636364
3.00100015387
1.26785714286
2.24422277639
1.7553338875
0.214285714286
2.65441767068
0.991511844442
3.77142857143
2.78873239437
23.3552692131
1.16141001855
5.44863175836
2.04226047693
6.22058823529
1.78096479791
0.342357910906
8.67892976589
7.8893442623
2.64403427818
1.21414141414
3.36115466857
0.157502329916
1.37659574468
3.05090137858
1.77931034483
1.79604341737
0.457175925926
1.27556851312
0.830689385037
1.10416666667
3.2954851752
3.942032132
0.615262321145
5.06617038875
5.37356321839
8.30748663102
1.48829701372
2.12207463631
0.267552182163
0.295467807819
4.42930125247
1.66444444444
1.43986673168
0.673091839901
2.96486686391
2.15220162793
2.63793103448
4.12263242376
1.625
2.20045317221
1.2095959596
1.5453197405
2.9898989899
5.61424731183
1.46703296703
1.32237871674
0.708264614257
0.68
3.7875
2.20895281189
8.91402714932
0.20256916996
1.90432098765
1.88
1.4452425085
1.4307846077
1.99370725034
1.66990291262
2.66071428571
2.72880434783
3.10405257393
0.44575045208
1.5373752589
0.72915982934
0.87284610814
2.73794257039
4.78823529412
2.46737126705
3.32748538012
0.671781756181
0.748729121278
1.04109589041
1.0
3.30211817168
0.85873015873
1.87931034483
0.951699463327
2.4641660769
1.81974789916
11.9488636364
5.97310126582
1.44382492333
3.16883116883
1.62105263158
1.1423670669
7.70056497175
1.72988393746
2.68445839874
1.65052010557
3.39166666667
0.236486486486
0.151106145251
4.79487179487
2.18
1.12575452716
0.853233830846
9.50431034483
1.03371559633
0.718340829585
1.0198757764
1.67236533958
1.70735662686
0.314814814815
1.52347560976
2.54166666667
1.13855421687
0.819397993311
3.01523809524
17.1881188119
0.585518354175
0.890362301681
0.716023391813
1.87159387831
5.01263330599
0.832484436899
1.05113636364
4.68390804598
0.363471314452
4.71944146079
1.46156428332
1.17442719882
1.14545454545
1.89128660803
1.4133462909
6.71025641026
0.523525018671
0.8
0.664253456062
12.1546610169
2.52805800757
7.71794871795
9.0641025641
1.94761904762
10.8578431373
2.76923076923
6.21096345515
2.27298645759
6.32738095238
2.0303030303
1.60372960373
1.24154589372
0.575
4.24521072797
4.09529025192
0.384615384615
2.0
1.94434782609
5.4008097166
1.77956989247
2.88095238095
2.15254237288
1.29686746988
3.4625
3.96609589041
1.49615384615
2.12866300366
0.84126984127
0.720251716247
3.5122569738
0.859655172414
4.42135642136
0.77485380117
5.5
1.34797716555
2.78472264693
3.60953878407
6.36111111111
1.26086956522
1.53273809524
3.1085106383
6.65570776256
0.669230599696
2.0473970474
0.698412698413
12.036918138
3.18391994479
35.7333333333
1.66197843413
4.38235294118
2.28136200717
1.10964408726
0.436342578332
2.33763693271
2.73850931677
1.63779264214
0.274844720497
0.821815718157
1.99523809524
4.89743589744
5.87517730496
2.62486938349
0.385301910473
1.21621621622
2.08529945554
5.77352941176
1.55366120219
0.156923076923
0.890362301681
2.27264492754
4.5768442623
2.86928628709
1.47572815534
5.32258064516
5.09090909091
1.57649456522
3.20744466801
3.11382716049
1.98571428571
2.5564516129
0.511278195489
2.59837142107
1.84563526361
1.1474019088
3.24125874126
0.920579201404
9.24444444444
1.93333333333
2.62111801242
1.4740608229
5.5
0.176470588235
4.82795698925
0.234425974833
1.91341038342
2.14058956916
1.03116883117
4.82407407407
4.30322580645
1.67045454545
1.55485232068
0.0555555555556
4.35140186916
1.01115751011
3.55762411348
8.19811320755
4.48205128205
2.91481481481
0.279340277778
2.35855263158
1.1844077961
2.0171990172
0.72
23.3472075869
0.745
3.26807017544
1.66183574879
2.03754184601
0.358974358974
5.80994998684
2.13675213675
2.54065934066
2.38571097347
3.35899347623
0.887505104124
0.663142513323
1.62363999449
0.0419847328244
1.15099035043
0.472955974843
5.44753833737
2.81721230159
1.89393939394
1.92524213075
2.93333333333
6.07142857143
3.07698476343
2.08658614113
12.3483333333
4.19841269841
0.662933930571
1.53846153846
1.22287558582
1.66263586957
0.397971014493
5.45310015898
0.649986099527
1.40677966102
1.02390180879
0.550751879699
1.48928571429
1.82193396226
3.18518518519
0.855304456999
2.34679572764
0.905498281787
0.244252873563
1.36689189189
8.46698113208
2.85992907801
2.07811447811
1.5
4.92857142857
0.860169491525
1.5612745098
10.9
0.08
0.951321585903
2.83836206897
1.59438394192
0.898924731183
5.26259106747
3.98665223665
4.27213717085
2.16689360047
1.00630252101
3.35238095238
1.03915662651
0.941412520064
2.60555555556
0.5
1.65167390749
4.18736263736
4.50427350427
1.08585858586
0.107105459985
1.42684766214
3.67497719672
2.97971014493
0.945671641791
0.134920634921
5.53993933266
3.03228869896
1.80100334448
0.513072171927
2.38014763015
8.15904761905
0.312037037037
7.11764705882
3.04553734062
1.77536231884
0.519832189169
3.14575564817
2.47545317221
1.71068427371
1.25237793278
3.9077687553
0.872539831303
0.192307692308
5.3125
0.15547826087
1.11666666667
0.64939637827
1.27309682188
1.55280464217
3.13157894737
2.7377675841
5.53741935484
1.49467787115
1.0253968254
1.90404040404
0.576860841424
4.57
1.5303030303
3.83333333333
0.470830216904
3.03041301627
4.42346634902
0.966782522344
2.62
1.82261072261
18.5784090909
23.4393939394
1.236
0.744776691585
8.48484848485
1.58530528776
3.71153846154
1.51668351871
7.12745098039
3.25431357839
1.07189542484
0.624057738573
0.376306620209
3.45380434783
1.42266906763
2.29403073286
1.78524374177
2.68380952381
0.357992202729
0.567725752508
1.8875
3.14787878788
6.01904761905
4.13898845082
2.02796585222
3.28156862745
2.29761904762
1.83146067416
0.131147540984
3.49523809524
0.842396613481
5.26923076923
1.72296183206
0.439436619718
1.5015576324
0.666666666667
10.2445652174
1.37997623292
3.37878787879
4.70396270396
20.085898709
1.5303030303
2.8378870674
0.518695754164
1.65306122449
1.12761904762
4.00952380952
1.3259762309
1.06253585772
2.68317853457
6.03571428571
1.18798449612
1.97712418301
1.13743128436
1.15189873418
0.323538461538
2.01353052234
0.822930800543
2.03668261563
4.32770745429
0.542253521127
1.13635309321
7.49294947121
4.2286639857
2.86197110423
2.97751322751
0.105090311987
2.44717444717
1.85484949833
2.1634085213
3.07936507937
6.08035714286
0.66861484512
0.588235294118
1.44917257683
0.349420849421
0.945393327212
5.83857142857
1.50067617408
3.93575920934
0.176470588235
3.23485086342
0.523333333333
2.33709273183
1.22803804383
1.63756127451
6.22808833678
0.465152565881
5.44054580897
1.7223145072
3.62987012987
3.34433962264
1.99826759062
1.92064755839
1.5404040404
0.866666666667
4.40909090909
3.81481481481
0.559202673669
0.251728162313
0.300775193798
1.39862409138
3.39321128909
0.684353741497
0.397094430993
2.97279508556
2.44294055202
0.926753246753
1.63125
0.619047619048
0.158620689655
0.30487804878
2.27683615819
2.42988979969
1.07142857143
0.447238095238
0.884654919236
1.08573106283
4.0
3.46397884997
9.26623376623
4.69191658684
3.83882176842
5.00085470085
4.31813125695
2.37759498629
2.12054507338
2.04214559387
0.199224806202
3.0099976568
1.425
2.70320855615
19.2085308057
2.18473728107
2.21653144016
0.72131147541
1.73222979552
3.96275605214
2.13183730715
3.38333333333
4.15585585586
1.13662790698
1.40977443609
0.279151515152
1.92532467532
0.151785714286
9.93340732519
0.387267080745
0.653846153846
0.5
3.44090909091
6.48190045249
1.97063492063
0.677777777778
6.7125
0.863251879699
5.09230769231
7.08771929825
0.366279069767
1.65080554515
1.3442887931
1.76207386364
2.89376130199
0.16367298976
16.2319164802
1.09276315789
4.45614035088
0.0666666666667
0.591567852437
5.42112125163
2.93798449612
0.253012048193
2.47619047619
3.6404494382
5.42307692308
2.92110091743
0.377358490566
4.11111111111
6.05844155844
1.07011494253
0.982142857143
4.83262260128
7.34530791789
2.22172666454
9.40909090909
0.761904761905
1.04255319149
1.51129032258
4.3045045045
1.37631578947
8.65338314653
4.71594202899
2.39602169982
1.29926595144
9.42857142857
5.89743589744
1.64783783784
3.44444444444
2.6961038961
0.632302405498
1.74268723883
2.39849340866
6.99404761905
6.9696969697
4.91233766234
6.4
3.05
3.26086956522
2.76055194805
0.343669250646
2.49217758985
12.5705329154
2.98554360812
2.21212121212
2.97494473102
0.92
4.4375
0.364102564103
2.8
2.96261139093
0.872200263505
0.860576923077
0.371794871795
1.2036637931
17.9486486486
3.75595238095
1.04800936768
2.31684491979
1.43280282935
13.5974842767
3.00241545894
10.3626373626
0.352307692308
1.14270152505
1.11111111111
4.33252753156
3.03726708075
7.375
5.66763565891
0.7109375
8.12
0.542253521127
1.38829701372
3.56944444444
0.193121693122
0.767113095238
3.14285714286
0.377777777778
4.49523809524
3.50815217391
3.83333333333
0.170512820513
0.671188186813
0.808421052632
1.84105960265
3.75859802848
5.20666666667
1.66666666667
1.80952380952
5.56140350877
3.32621077453
3.254048583
3.78410776075
1.87435897436
0.287439613527
3.14186413902
2.81411764706
4.92100909843
1.52297297297
1.34935897436
4.62169312169
0.366949152542
1.67763745376
2.32638888889
0.89
4.85153256705
1.06481481481
2.0520361991
1.30547506482
1.3752417795
1.30978189463
3.90476190476
5.72015449438
0.937055476529
2.55928853755
0.119047619048
3.5626566416
2.33280905945
2.5
1.21212121212
2.78719191919
0.333333333333
1.00947368421
7.95945945946
4.45871559633
1.64582823587
2.70548523207
1.20469596629
2.57154673284
1.09982942814
2.0045045045
0.77934662237
1.4242816092
0.574175824176
3.37916666667
0.883956880152
0.868421052632
0.660992907801
0.827777777778
5.85714285714
11.375
1.1261682243
5.42105263158
1.54166666667
0.793968253968
0.132833333333
2.88418862691
1.58755760369
1.25608315615
3.42653309047
0.181818181818
1.10974389756
0.297529069767
3.60714285714
3.33068142511
0.0
0.788288288288
0.743664717349
1.04553633218
11.9523809524
0.773164335664
1.94996293551
0.0881136950904
4.89409616555
2.70694953901
11.9318965517
2.99770399152
5.19607843137
2.70184535611
3.41443609023
0.783333333333
1.49200124494
1.10061919505
6.28644939966
1.77751196172
2.14285714286
1.70229915433
1.15384615385
1.04761904762
0.907641196013
0.783333333333
0.506006006006
0.623802914643
1.02777777778
0.960196292257
4.03179876602
3.03571428571
5.30033557047
1.59105960265
1.84920728127
4.57714285714
1.43867243867
1.26683911544
4.09423076923
3.07040314651
1.06759259259
0.697698504028
1.98148148148
0.882079371641
6.34134615385
1.65487804878
1.08333333333
3.36164927968
1.04444444444
12.8777777778
1.46666666667
2.16982323232
4.69405684755
1.82795698925
1.32336956522
5.82098765432
1.87941787942
1.89146023468
1.33870967742
1.21933621934
6.96875
4.36842105263
0.506967905405
1.21367521368
0.624696159456
2.33928571429
0.757575757576
0.666666666667
1.44444444444
5.52043010753
1.79220779221
0.701783992285
1.33333333333
1.81868131868
1.93886743887
1.94906832298
3.72226890756
1.32163034705
1.79910044978
0.180069719918
8.86561403509
7.71818181818
1.55357142857
6.5971659919
1.58201058201
1.17637711864
0.928877988964
1.06973684211
0.486486486486
0.821327196011
3.54529616725
1.28021595263
0.893301243482
0.620629370629
1.34629269647
1.5165987187
1.13855421687
5.40322580645
1.0362745098
1.43402126329
3.23720418272
13.7704347826
4.00952380952
4.71555555556
3.38873626374
1.13857086459
0.0470588235294
3.54326923077
0.62572747341
2.83333333333
3.91899316899
0.82499129021
3.74208074534
1.59211629857
1.51590909091
1.99030433612
0.485714285714
2.26842105263
1.66224580018
0.938405797101
1.07211538462
5.68092691622
4.12973782772
2.6262993763
0.424844720497
0.510730794629
1.33889289578
0.0847457627119
12.3154219794
3.11742424242
4.11306042885
1.30041797283
1.60768072289
2.85540334855
3.62480699949
0.640571728298
0.354066985646
5.53540372671
7.46543778802
0.226044226044
4.40300468661
0.559615384615
1.85815602837
1.30619307832
0.83556851312
14.5039525692
1.16676344211
1.30006105006
3.0666023166
1.94361334868
1.63631221719
1.42521122001
0.0
0.859683794466
3.20506329114
0.986681465039
0.222734254992
0.971238095238
3.41791044776
28.5308529946
3.08013136289
1.82906976744
0.870967741935
2.65310077519
1.70647773279
0.647727272727
3.18
1.88275862069
1.43333333333
2.26462724127
2.27655024947
1.9022556391
3.0114013267
1.40909090909
3.03041301627
1.23951612903
2.95378151261
0.0710011966494
1.97624223602
8.80900621118
1.98280503691
0.492182976259
0.125
0.754940711462
3.19919478528
5.14412198721
1.1125
2.30834419817
0.95398089172
2.6
6.90734265734
1.43438914027
0.881202691337
2.07456140351
1.16666666667
33.8108695652
3.80895151264
9.61764705882
4.17857142857
0.991346153846
26.811965812
1.98403551861
1.95833333333
0.646531695984
0.608108108108
2.18795698925
17.7934782609
0.777568922306
3.19337390128
3.70813397129
2.54563894523
1.94094036697
1.79310344828
0.491130434783
3.95051783659
2.26215022091
4.5401242236
0.9625
0.0794871794872
1.90083210964
4.92857142857
0.315705128205
2.9
1.57371794872
2.31596638655
3.27623285132
1.27689873418
0.283823043909
2.08249223602
1.85063752277
1.36004108885
3.17238622737
1.25113928246
1.54377880184
1.58476846537
2.14420289855
0.149213655543
1.74581911263
0.0294117647059
4.33333333333
14.1952861953
1.59433040078
2.59337121212
0.598753246753
0.527777777778
0.137262596139
1.47813990461
1.56334841629
1.18798449612
2.34804026558
8.16487000634
2.8
0.554492962829
3.1
0.55533632287
0.685606060606
0.595588235294
0.436997319035
3.71428571429
3.01374321881
2.6336689038
1.31847133758
8.48977987421
1.61607142857
4.69285714286
2.7895256917
1.39393939394
2.305
8.45263157895
3.25
0.0470426531879
5.30171277997
4.45665634675
1.85714285714
4.11111111111
4.61842105263
2.89938556068
1.20202020202
1.01785345717
8.81126760563
0.970822281167
0.60453359426
0.244252873563
0.937045040946
4.79608938547
2.00616631431
2.69072164948
1.31204212454
1.59742999616
5.47104749512
0.168106312292
2.28306832081
0.849561403509
13.2
1.6514691532
0.406783681214
8.79166666667
3.57520637008
3.42239805234
5.29206349206
0.693865276664
0.828776645042
7.20289855072
1.04285714286
1.79220779221
3.2
2.5
2.29166666667
0.5
3.09588235294
0.717403164212
3.72460220318
1.27011494253
3.0311942959
0.0
6.02626262626
0.598336594912
2.06349206349
0.0
4.40476190476
2.00649350649
2.70269619644
1.8198983297
7.58115942029
0.66029266541
6.56625766871
34.5049019608
1.90622578145
1.63533834586
3.23823529412
4.34257602862
2.21717171717
0.940235294118
0.868039664378
0.946197654941
4.25714285714
3.06666666667
1.51559207754
8.62937853107
7.45604395604
2.42424242424
0.975638740345
3.45332187858
3.51052631579
2.24
5.61290322581
12.1595419847
2.57446808511
1.51015037594
1.26666666667
2.04554455446
0.97619047619
13.953125
1.66666666667
5.50990990991
0.514442468121
4.66666666667
2.45808080808
0.630509118541
4.75151515152
49.6310810811
0.518531228552
4.503347535
0.595238095238
1.72246376812
0.268997668998
1.5
5.04
0.196078431373
1.58825757576
2.47126436782
0.516387008144
4.1845410628
0.100775193798
1.12556656035
2.77313432836
0.722222222222
0.85
1.63333333333
3.77667493797
1.27755610973
2.08908279221
1.96680851064
1.51892094417
3.11288561289
0.337662337662
7.78280542986
1.16802776644
2.54860853432
0.35607035607
2.48070681572
3.60461956522
0.840906934826
0.0470588235294
1.36221100186
1.52439850898
1.19444444444
4.82828282828
0.340453356582
0.264
1.44964871194
3.95236402417
0.521739130435
2.05349611543
3.08754208754
4.90916179337
5.8921107628
0.105332455563
1.63965014577
7.36111111111
8.25490196078
1.27820245979
0.808333333333
2.6232718894
0.315151515152
0.77627388535
1.72450098706
1.45164835165
1.70391261281
1.07879065506
1.33991981672
1.04255319149
3.08191958009
1.52941176471
2.94407220019
3.18266384778
4.29571730988
9.5
2.43347763348
1.93421052632
1.62074829932
2.12066752246
2.65909090909
2.6563876652
1.55556709597
1.73089244851
3.57083333333
1.45716224848
1.53376436782
4.34559159434
1.57407407407
0.913043478261
0.0238095238095
1.27688470067
3.32203389831
0.314516129032
3.17038307604
2.76622859419
0.783315078496
1.35201833245
2.09842519685
1.24615384615
0.142857142857
3.45114345114
1.92857142857
0.408613445378
2.41739130435
2.51207729469
1.47282608696
2.71228070175
1.83846153846
1.07602339181
4.75576519916
1.45798319328
1.58189773038
2.28947368421
0.847826086957
1.48588876052
3.06100981767
2.53219178082
1.90011223345
1.91417550627
1.37931034483
4.91025641026
1.36147186147
0.3
15.4642857143
0.462662337662
3.48943661972
3.48294478528
1.04263565891
2.13939393939
0.779110444778
3.03007518797
3.07142857143
1.0925890916
2.73489010989
1.90151515152
0.666666666667
6.60153256705
1.0146780303
4.25
1.1097676624
10.8636363636
1.40277777778
2.75479969766
1.63276836158
0.678571428571
4.28370221328
2.83778089888
5.77797202797
8.06132723112
3.55555555556
2.0303030303
2.17297297297
0.679127725857
9.9203539823
3.70833333333
2.79351814105
0.18316373728
2.93674108892
2.71533052039
4.10084033613
1.57142857143
0.887947269303
0.264346219005
6.05555555556
0.0
1.14130434783
1.08305343511
1.85946953708
0.175
0.6179946626
0.628227194492
2.88043478261
7.09772727273
4.96118611379
1.51276813075
5.63768115942
0.731960649737
3.19389978214
0.372146118721
0.237455197133
0.0934782608696
1.02558884185
2.69377251673
1.47105263158
1.86363636364
2.49242424242
4.0444031392
0.341772151899
1.49458689459
1.33333333333
2.1606918239
1.24579831933
1.76765734266
29.5598506479
2.77030812325
3.75703697535
0.154589371981
1.8850931677
1.53108044602
1.15384615385
4.297545105
0.865721649485
2.4475568005
0.897058823529
6.61375661376
1.69128787879
6.87413793103
1.49714536671
14.7238095238
1.62264150943
33.2049808429
1.65826086957
1.11111111111
0.822807017544
2.46710845321
1.38348539622
2.81333333333
2.33220262325
0.513157894737
3.54684385382
0.594202898551
2.6
5.88172043011
1.48428079242
4.44277845777
0.976438492063
4.14180602007
2.54728220402
3.31567366283
1.52107779226
0.523863636364
1.17575757576
0.755050505051
2.48255319149
2.46871921182
1.1843539823
0.435795454545
3.97570332481
1.51753057659
3.41689944134
0.681441763479
6.99494949495
1.08708938121
9.77941787942
6.30711610487
1.33225208526
1.41397849462
0.684210526316
6.68350877193
7.85294117647
1.28036737112
1.11544011544
1.20036764706
5.22580645161
1.75385030032
1.50031831927
1.47349612865
1.32745098039
2.78557312253
0.936961339572
3.01257071025
2.44553633218
2.63759213759
0.309178743961
0.88038277512
0.0128205128205
1.93920309285
0.735676612028
2.08609406953
5.75434782609
0.669692307692
8.35181818182
1.18300653595
2.27631578947
2.13023933139
2.31294215564
4.63742690058
4.18083670715
1.23560354374
1.29170684667
0.456428140877
5.01761252446
4.77027972028
1.19850498339
0.409390488242
0.880288957688
4.75
0.514412416851
0.508333333333
0.881181318681
0.521739130435
1.29215116279
6.65120593692
6.15458937198
1.12144212524
0.737394957983
1.89090909091
0.822532130161
0.769063180828
3.40323216397
9.45
2.21631899174
3.80494505495
1.97495120364
1.08333333333
3.8801431127
1.45
3.51655107188
1.90196078431
5.26245210728
0.810393772894
2.82795698925
1.33414043584
1.56632801161
1.29170879676
8.50408163265
9.13475177305
3.4375
0.875936507937
4.10350877193
2.04057971014
1.12236363636
0.288120567376
2.9375231739
3.35577670658
1.725
0.391740054661
2.96820349762
2.06052150806
33.80999181
6.36
0.797094430993
3.91393442623
5.75396825397
0.764210526316
1.44642857143
8.54864964854
3.38186813187
8.06293706294
0.295523465704
0.499541984733
0.560233918129
6.01851851852
0.695652173913
1.70833333333
1.61859314245
4.46226415094
14.3888888889
2.40707445769
6.46574973031
1.84696969697
2.50387323944
0.982956259427
2.85383427689
0.302325581395
11.9545454545
0.728375992939
1.41866281866
4.11538461538
15.487804878
2.95930232558
3.04301075269
9.91327433628
0.436200576244
2.99441548771
1.10016949153
0.825174825175
5.74411764706
0.522150323544
8.03021978022
3.49957983193
3.36070686071
0.928321678322
1.14358974359
0.803847258111
0.851934857314
3.79761904762
5.21864035088
2.20171390903
5.41730769231
2.4474789916
3.12387706856
1.725
1.35541125541
3.50930996714
2.41919191919
1.9978289188
0.261904761905
1.83188405797
0.726753246753
2.51428571429
2.0875
1.91919191919
3.29948928789
6.45689655172
3.87943262411
1.21527865805
1.67738359202
18.4022351798
1.48525345622
1.68021907216
2.67806064073
1.26279069767
0.10395010395
0.585114300904
3.89285714286
0.381870567376
1.08757062147
0.748621323529
3.83591549296
0.708528584817
1.47402597403
2.08
3.2576142132
3.56060606061
2.73406862745
3.44117647059
0.512096774194
0.385925593904
2.70979020979
6.04236760125
1.97836774828
1.83570412518
1.66691387782
1.13245033113
1.57535530056
2.74309000709
0.397714285714
1.50840336134
0.308026755853
3.18811881188
3.06666666667
1.77528089888
1.15967871486
1.07432432432
0.729183187946
3.25374531835
4.26807520837
1.32110091743
9.22811320755
0.315593220339
2.24127715602
3.76572327044
2.11876832845
1.62766798419
0.689655172414
3.19013062409
3.2
5.32258064516
0.419285083848
0.0785340314136
1.42681704261
0.584415584416
1.64130434783
9.24619013062
0.998348926802
1.6875
2.51043219076
10.0827285922
3.8064516129
1.52990708479
3.80013736264
5.02777777778
0.244444444444
4.98587570621
4.12753623188
8.035
2.63588308458
4.81333333333
2.07882352941
0.79746835443
0.614814814815
1.53881278539
3.20230131121
10.5741626794
5.26023391813
3.36186348862
1.37332628612
4.91348973607
0.70709382151
1.52173913043
2.25877192982
0.579423159707
2.3081232493
2.6351744186
1.18906810036
4.9981360671
0.471264367816
1.76612903226
0.520581113801
1.11666666667
3.42066921842
2.77777777778
3.82561944834
0.0
0.556064073227
8.37552521008
2.67162471396
1.70620155039
2.07359307359
0.48412496825
0.609497694129
4.05656565657
2.31884057971
1.34550195567
0.0
1.15388655462
10.5450549451
0.970588235294
2.0320855615
3.25777777778
0.567852437418
3.92796092796
3.71367521368
1.30979347102
1.84523809524
2.93495297806
8.70905285191
0.823611111111
7.33823529412
1.80227920228
2.25075234555
1.23400621118
2.39679802956
0.297262059974
2.39707788382
0.952088452088
3.97217675941
0.924242424242
4.91111111111
1.692
7.01866666667
10.027724049
1.48148148148
0.828776645042
3.21428571429
0.793103448276
1.24906716418
4.07406409911
1.88251001335
3.23285060976
1.76011468621
1.72595870206
5.80221414408
3.9452685422
1.11904761905
9.2962962963
1.19615384615
7.13570019724
2.37033065237
0.445549111663
1.30803571429
1.40905557715
3.00313479624
1.18855218855
0.800828012769
4.56603773585
4.01546815863
2.15185185185
0.280821917808
4.51990049751
1.05434782609
0.581963288109
1.62386877828
1.1592920354
1.35483870968
1.13409090909
2.22551843318
0.869727047146
1.11333333333
0.517857142857
0.391304347826
1.27096774194
3.1436678076
4.55665566557
0.547169811321
2.27424242424
0.466257668712
1.49459227468
4.55555555556
1.38153288322
0.921935483871
3.87634713556
3.58258258258
6.10632183908
4.80769230769
2.62380952381
2.54358974359
4.18203281785
3.87487586892
1.34105960265
1.5997918293
1.86333333333
7.3023715415
5.81391304348
1.13559322034
5.22115384615
1.7385620915
3.27953216374
1.91113234591
0.859770114943
0.333333333333
1.49223971904
2.76366549944
3.71381578947
2.09130434783
1.54895104895
0.587662337662
2.77610062893
2.09135802469
1.83283482885
1.41764705882
2.50955718382
3.42857142857
6.63738233976
1.3141509434
1.23499899659
2.38270882123
2.10452186805
0.186567164179
1.62372819767
1.5352443609
0.509090909091
4.88394892841
1.02
3.14583333333
0.932330827068
0.439079163817
3.3735380117
2.80701754386
1.1080952381
5.24833702882
1.57060810811
0.843023255814
7.2
4.40785714286
2.29462365591
10.5499108734
2.23337006321
0.460992907801
0.227971014493
1.67250712251
1.04975720502
0.941593991582
0.754838709677
2.63561076605
1.15448504983
0.716531895777
2.51704817546
14.1896551724
0.72027972028
0.165909090909
2.1813253012
1.19281839662
5.20817729756
1.01202321725
0.698873616921
6.99444444444
0.3
31.6813186813
1.18517443548
0.862745098039
1.84264326278
2.16531817188
4.54865375531
3.52697302697
0.601314136632
0.348973607038
0.494310099573
3.56012658228
2.15328467153
20.1520244461
23.7636363636
3.56947890819
0.561904761905
2.38846153846
1.20436507937
3.49418405748
0.499798387097
1.28100775194
14.1238095238
0.867891627978
0.220720720721
1.38505990134
3.97217675941
1.17777777778
1.84222222222
4.39295187571
2.44427244582
10.3076923077
1.65909090909
1.5438822922
3.37916666667
4.48924731183
0.46578782172
87.9023668639
0.422058823529
2.77700534759
3.66808510638
0.297674418605
2.2841781874
1.45581395349
1.96181491465
0.865671641791
0.503676470588
1.81082628612
4.27884615385
1.95880557977
1.50322061192
1.23076923077
2.82055294731
8.65360915493
1.72142709898
0.510135135135
0.992857142857
0.666666666667
50.5921658986
1.55047185709
0.214592274678
5.80923076923
0.743918053777
1.76976390193
4.40151515152
1.0704041721
4.64038461538
1.42857142857
5.01597051597
0.161290322581
1.86021505376
6.67301587302
1.34796747967
4.00083986562
2.33928571429
1.43910614525
1.32461977186
1.07545219638
0.256544502618
1.14728778468
1.67704441677
4.11174412794
0.624848484848
0.777777777778
1.26738175239
1.38278388278
1.6261682243
8.15555555556
6.22727272727
1.92124542125
0.592512908778
1.69786096257
2.55454545455
6.43260869565
2.32085769981
2.59728082513
9.09230769231
7.08765432099
0.463054187192
0.770202020202
8.00362318841
2.60875331565
0.777560657873
1.6091954023
0.0909090909091
0.524412296564
2.0
0.486333534016
1.80408163265
0.34
0.329424307036
2.60236406619
5.08888888889
3.00054461547
2.05555555556
1.71428571429
1.20413573701
1.6
8.77777777778
2.56862745098
0.82980917999
1.66955462933
0.611686705671
3.19882443138
0.305351006382
1.9
1.42857142857
2.62380952381
5.70769230769
0.127272727273
2.24789915966
1.85549288208
0.226495726496
1.2317429406
4.14
1.6091954023
7.42305813385
2.26489533011
3.25
2.16607142857
0.192307692308
4.81604010025
1.9237602891
2.00427588771
9.7
38.6764705882
2.59968102073
2.7264957265
2.25316455696
2.54861199138
1.71904761905
0.5
0.210526315789
1.28728414443
1.63416305092
2.13446901051
5.16368286445
3.60810810811
2.74882104741
3.46875397735
4.62222222222
6.82437703142
3.55769230769
1.76966731898
1.43711527955
4.59545454545
3.15555555556
0.725
3.63607594937
1.74947160772
2.60927770859
2.68933428776
11.7595419847
0.471856725146
0.912790697674
0.260833333333
2.20835686053
2.20408163265
5.30833333333
3.45428156749
1.98336834734
1.29891304348
0.291497060154
7.44
3.4024122807
0.823529411765
3.11818181818
1.42
1.19536984754
0.901960784314
0.552941176471
0.851410658307
2.32340815392
1.26934910433
1.08783783784
0.871962372616
0.570996147496
2.94907407407
1.44680851064
1.22917363667
9.16666666667
0.625
2.79534662868
2.70396270396
0.030303030303
0.815073815074
2.52878787879
4.81590413943
2.87860988742
1.51282051282
7.50793650794
0.508571428571
2.09382716049
12.9102564103
2.50724637681
2.30476529161
2.83333333333
6.57252446184
2.50689655172
1.75694893342
1.74263816055
4.16666666667
11.8129032258
6.75111111111
0.543649923229
2.58602150538
2.43697478992
0.116438356164
0.95384186306
2.85
8.77661290323
1.68610169492
0.584090909091
3.11307189542
45.1684210526
5.51086956522
3.33707865169
1.45045317221
3.10322580645
1.83375959079
2.66956521739
1.21155638397
1.61266603416
4.77777777778
0.540238450075
16.05
5.75416666667
0.612648221344
1.73765432099
2.77251407129
1.24677486475
23.8
13.5138888889
3.96275605214
0.506818181818
1.9742852005
1.44729406651
0.16049382716
1.36561561562
0.974576271186
1.6167953668
1.11814086814
0.791652254122
0.637714285714
0.0483870967742
1.18089430894
3.66962074303
3.51327433628
1.91666666667
0.37425211471
6.05555555556
1.85714285714
3.72575757576
3.04046673287
8.7021978022
1.72303448276
1.8729528536
1.2380952381
6.23981191223
1.98765432099
5.6750877193
1.21612751992
5.55555555556
0.411764705882
0.839927939731
2.17793880837
6.05689655172
3.82627811861
4.68069584736
1.73055555556
1.21361502347
5.21428571429
7.70238095238
0.0238095238095
2.13314176245
3.37263556116
2.95945945946
2.41371074746
0.644039408867
1.12077294686
0.634325955734
0.7
6.7880952381
0.975
1.11166730843
1.29015113768
0.0
3.34021978022
4.52631578947
0.973913043478
3.40988547318
2.50665883275
1.29909560724
1.59459459459
0.959273182957
2.44616709733
0.224242424242
2.83759590793
0.384615384615
5.24074074074
0.264534883721
0.0869565217391
1.85897435897
1.20896619304
0.176470588235
0.633221288515
1.81916996047
2.12041325258
3.7106918239
2.22536945813
5.69458631256
0.81363300037
2.35
2.91480846198
3.27779649596
3.0487804878
1.64543889845
2.29166666667
6.4125
0.143369175627
1.42168459493
1.53699731903
1.93087362171
0.598522167488
0.51192082771
16.565085389
3.30855539972
3.10172585463
1.80261437908
0.708264614257
4.83333333333
3.88915006804
6.47421686747
2.10196078431
1.49239196592
2.09519710794
0.957516339869
3.69411764706
7.25783783784
1.10714285714
1.73674242424
2.97832817337
3.23232323232
1.78119765494
1.48340345956
2.52107728337
6.10465116279
3.98940914158
0.534001743679
0.819146764646
15.0188679245
5.52541507024
0.524456521739
0.975849731664
2.43413229283
0.84002293578
1.48710990502
1.94872958258
0.784375
4.15120385233
1.97297297297
0.667984189723
0.534511365522
1.19027459954
3.29295532646
1.35045317221
1.94702311007
0.580357142857
4.96218487395
1.46195652174
0.05
1.18091168091
13.6956521739
4.16049382716
1.27777777778
2.71086956522
2.59607019649
0.214592274678
1.69047619048
2.75
0.493212669683
0.34
1.24154589372
1.97463002114
5.30882352941
0.523543123543
0.135593220339
1.28862478778
1.33585858586
5.09259259259
3.34146341463
2.8992325659
3.32672856906
7.45920745921
1.61456176674
16.5196078431
1.16765873016
3.13845748881
1.9022556391
2.36565304088
0.661970280682
0.342175066313
1.67755610973
1.62857142857
5.07352941176
1.16898763887
1.26718733943
0.743137254902
3.41969111969
4.18401759531
1.15189873418
1.93434343434
1.93311166528
0.702380952381
0.513831626546
2.8658008658
2.37931034483
0.686363636364
3.57474298416
1.12178730361
3.74141414141
0.580357142857
1.06498951782
5.95341614907
1.69063772049
1.21685405037
2.18965517241
1.30032467532
1.26021934197
1.74285714286
3.45169082126
5.44666666667
2.01950226541
7.06966731898
0.221391174271
1.06318681319
0.434322280396
5.29074919441
2.12881661393
1.6668596796
2.14743589744
1.19115442279
6.6
0.66149068323
6.57142857143
0.297471264368
0.815533980583
0.148148148148
4.40400775695
2.66086956522
2.57795698925
2.34897959184
4.11428571429
0.975234270415
11.2333333333
4.54301075269
3.41451612903
3.25988700565
1.27586206897
1.34285714286
0.624303232999
5.19993571199
3.57142857143
3.11363636364
3.09829059829
2.79608294931
1.33808231569
2.44553633218
1.16581087836
3.65250965251
1.07530120482
4.83882783883
0.257731958763
0.750144927536
1.9742852005
4.95757575758
0.313725490196
2.17116666667
0.551901998711
2.94370629371
2.18483943241
1.23457108475
3.62330192813
9.67747914736
3.04294478528
1.07792207792
0.978260869565
5.30074626866
0.448979591837
2.38471177945
7.19664842681
1.15533980583
0.666666666667
1.33796791444
0.241379310345
2.25501253133
2.79873829874
2.13670886076
2.40384615385
1.16075650118
1.60548523207
0.128647214854
1.78219178082
0.546473134708
2.9198820664
1.46918767507
0.544650751547
0.0128205128205
0.987373737374
1.4375
1.26048049801
2.85952380952
5.2288961039
1.11320754717
2.3549910438
9.6391509434
5.1
4.31196581197
3.09784283513
1.23202183735
2.36179981635
4.18218529161
0.693865276664
3.45222751471
1.31292307692
0.562962962963
0.736842105263
7.19323671498
0.443548387097
3.50446998723
2.44027625654
1.7538718992
5.03333333333
5.66264367816
0.0666666666667
0.701911589008
0.256544502618
3.26114081996
3.15246015246
1.35465116279
3.67259274484
1.11309018943
0.517414067835
2.63287671233
0.197183098592
1.5270188221
1.50989010989
6.55443548387
2.98596491228
18.4851851852
1.89461358314
1.20137299771
3.80893003808
0.919504643963
1.44090909091
10.6834384627
5.13333333333
2.67878787879
2.37760571769
5.80188679245
1.4292489559
7.15989010989
0.836904761905
3.73333333333
5.875
0.156462585034
4.87158746208
2.2373015873
5.92453194364
4.3
1.71
18.425
0.0636942675159
1.4124559342
0.127272727273
0.320380434783
1.30440967283
1.46859903382
0.463443396226
1.26423149905
3.6167953668
5.88712121212
2.91688770999
2.0320855615
2.12323113208
1.58888888889
2.27962962963
2.92301468758
2.35528089888
0.296853625171
9.65850945495
1.81679389313
0.957479706223
2.42083675144
2.61319073084
3.71428571429
0.651875093381
1.01695906433
6.96431658229
1.27733860343
0.274994441562
0.600877192982
0.163120567376
0.615646258503
4.48888888889
0.719583604424
3.18287743439
0.614814814815
1.9564516129
5.89130434783
0.416666666667
0.117940199336
2.4925
3.93076923077
6.89923195084
1.79746835443
3.87593984962
0.251629311715
4.02702702703
1.67335562988
7.04619565217
6.43883984868
0.620079610792
0.2
3.82544378698
3.72470144563
1.33011583012
3.45333333333
2.31196581197
2.96634615385
0.920189818809
0.303153153153
0.651923076923
0.225806451613
2.15324675325
1.65937670858
1.29945054945
1.89397784956
1.95882352941
0.715376935757
1.07956600362
0.0
1.18705673759
1.9730829421
2.81021978022
2.72061217844
1.6058966225
11.6
1.99406451613
2.35897435897
1.11628643853
3.43626516899
1.29230769231
1.25459183673
4.50760869565
1.21625766871
2.53333333333
1.30178571429
2.2974789916
1.192
0.753745941896
0.548663101604
2.27540360874
9.98986486486
3.59951690821
0.482498892335
7.91404109589
6.21764705882
0.772202998847
3.51405276155
1.22965116279
1.46774193548
0.272727272727
1.79864253394
0.63701847792
2.80824175824
4.31714285714
6.65625
1.4378730331
0.777777777778
0.1
2.40785714286
0.17660011744
0.823470488519
0.0871794871795
2.4568627451
1.05436264485
0.688063986874
0.778902953586
1.446875
0.623541349569
0.453649798477
1.50713012478
7.98310291859
3.47120743034
0.319370567376
1.81839904421
1.93469910371
2.52996715928
0.17
4.66545454545
2.14997350291
2.02823529412
0.601398117386
6.68207282913
1.12218045113
4.70322270322
0.32860040568
6.84659498208
5.71304347826
3.6461653101
6.9
0.0769230769231
1.71901897888
1.38181818182
1.32463045886
3.84371108344
0.962962962963
0.248803827751
0.656565656566
1.83585858586
4.93015726179
1.33615560641
1.74516008935
0.767968307866
5.25131313131
1.98274568642
0.031746031746
1.4540607055
18.9721362229
2.85185185185
0.409356725146
4.19607843137
1.72
3.73464052288
3.67647058824
3.96606334842
1.25
5.31384505022
2.53052190121
1.00892857143
4.7406557377
2.19259259259
0.25
11.967611336
0.252328123735
3.2149122807
1.47541703248
1.28829701372
3.0487024529
3.62053571429
1.41283950617
4.0
12.5511111111
2.23697478992
1.35555555556
0.0
5.22732240437
1.33333333333
1.36377388535
18.6237745098
7.43055555556
1.53086419753
2.89116309292
1.22341954023
1.59112406868
1.52995391705
0.215384615385
0.667777777778
1.33401759531
1.41212121212
1.61751152074
0.21774332472
2.68576195773
4.58699324324
0.588235294118
1.71212121212
1.76754385965
11.5053763441
1.78901098901
2.11218724778
3.89198000435
11.8395721925
3.44444444444
1.90769230769
2.875
4.55177865613
3.09856630824
33.869047619
6.43452380952
2.75
7.625
5.96310160428
0.681818181818
1.52857142857
2.44
3.31274509804
2.52783783784
0.483664663276
1.24404761905
2.77407407407
5.01319444444
5.68481518482
1.35714285714
3.78285714286
0.358721304441
0.865671641791
0.390990990991
32.0634920635
1.54830535318
0.374687656172
6.28285714286
3.91095890411
1.78212039533
4.26296296296
5.44499586435
1.95483870968
1.63467741935
4.7640953055
1.7268491555
2.47525676937
2.34880636605
2.82105263158
0.357009925558
6.32638888889
2.27359617682
2.28947368421
1.9010779962
3.32993197279
1.56650943396
1.64306378289
0.601351351351
7.71153846154
1.25925925926
1.60416666667
1.66666666667
1.28125
6.53846153846
1.44764159534
3.39899524061
1.05650840998
4.68947368421
1.62307692308
10.9073550212
1.99756167527
2.72380952381
8.11852750809
4.24729675611
1.98333333333
2.425
1.42491648952
0.976470588235
1.35785714286
1.33771762613
2.5486631016
3.2868852459
0.60553633218
0.978896760376
3.6404494382
5.16119402985
1.26452544208
1.13098167897
3.18513331258
10.1337209302
1.56060606061
0.740811760946
2.40151515152
2.23376623377
2.62457912458
0.891811414392
1.48476770754
0.88
0.823762062965
0.866666666667
2.22142857143
1.8529044434
1.07152082661
2.1494913755
0.112558139535
1.35
9.42743221691
0.502745098039
1.75
6.0
1.6103074141
2.88821630347
1.95427453902
7.66181818182
5.58391608392
2.87887323944
1.05102040816
1.47107843137
0.817176470588
4.9387755102
3.42066921842
6.24615384615
1.787354514
2.66112266112
0.511100832562
8.15791805094
0.352250489237
1.91161583387
7.25506072874
3.94761904762
0.988355544055
4.24166666667
3.0987012987
4.69356725146
3.38863636364
1.73846153846
15.5880503145
2.33422459893
2.76140155729
1.69680851064
3.07647058824
4.53787878788
2.43298969072
3.44666001994
1.22126436782
2.01373929854
2.42494894486
4.75510204082
2.25117739403
3.01494252874
1.44913793103
1.02597402597
1.65315771699
2.49836547891
1.87671462027
0.330479452055
1.84189189189
2.89505870841
2.66666666667
0.883034482759
1.66851851852
1.94032549729
1.1231884058
1.50505050505
4.05681818182
3.12987736901
0.375
1.43636363636
2.6
1.03403755869
0.109745762712
4.0401836969
14.031220876
1.44319712618
1.79673913043
1.44444444444
0.823129251701
0.486717267552
3.73627906977
2.20136054422
6.5
4.47222222222
0.990551317614
0.0
0.196078431373
0.789877835951
11.4333333333
3.44444444444
1.59420289855
1.3154589372
0.157508198528
0.682926829268
4.3
19.7368421053
0.336956521739
3.02778549597
3.92307692308
2.7141509434
1.54806214547
0.409090909091
1.875
3.5
4.98681680857
6.57538461538
4.86071428571
2.3636977058
1.8634085213
3.34432141727
0.661764705882
3.28346810422
1.06764564275
6.20879120879
1.79796264856
1.82210550354
2.29122807018
2.83577533578
3.46388682055
1.79155279503
4.05161290323
0.0588235294118
4.28888888889
2.67408781694
1.84272608126
2.37381056307
3.73333333333
2.88217667506
0.174825174825
1.3012244898
0.981012658228
4.34936479129
0.629545454545
2.56530408774
4.25063484002
1.1006993007
0.428971178062
6.09056956116
0.98430742256
1.34372436423
2.12209755337
2.17701575533
6.33333333333
1.07158119658
3.9404609475
13.2233009709
5.91973684211
7.68965517241
1.49162790698
0.77768465165
0.0833333333333
3.65952380952
0.781573498965
3.8306010929
10.7575757576
7.38787878788
4.78787878788
0.333333333333
4.76984126984
1.92727272727
1.52583732057
3.33741496599
0.335238095238
1.40006522907
2.34201773836
2.29323308271
0.416545718433
0.619047619048
0.0599394785847
3.40350877193
26.6307692308
0.581373125551
9.98591549296
3.74208221024
1.48125807841
4.12820512821
2.29911699779
4.16948051948
1.93333333333
1.28571428571
6.25
1.26232473994
2.03153049482
2.34848749781
5.21428571429
3.63333333333
0.564525462963
3.10197368421
1.55384615385
3.19255339436
2.69117647059
0.655
1.19246376812
3.34845890411
2.3309178744
3.14450728528
4.2638026225
1.46222222222
4.03849902534
4.9533492823
0.365137614679
1.14084656085
0.450851900393
3.43181818182
3.22222222222
0.831932773109
0.2
5.06481481481
8.18181818182
5.33543417367
2.4
1.42573839662
2.23051948052
1.62229437229
5.82716049383
2.08223455933
2.22004357298
1.05725299829
1.83333333333
3.81944444444
2.63937621832
2.83566433566
0.913333333333
4.8926686217
0.341065292096
1.42647058824
0.934837092732
0.693977958541
0.769971655001
0.686134067952
1.58054812834
3.73308670451
1.34107142857
2.79045317221
0.822580645161
1.01162790698
1.53179650238
0.610902255639
0.409677419355
0.289926289926
1.20141093474
0.801242236025
2.18487394958
1.75
3.51699731903
4.50241545894
2.42357424799
0.0714285714286
1.81050228311
1.2962962963
2.15254237288
2.859375
1.79461279461
0.175
0.625272331155
8.03519417476
1.76960702341
0.67076394396
1.06690777577
6.88095238095
5.5811965812
0.478587494377
2.17058823529
5.4232275754
1.34653092006
2.55408163265
1.61716423916
16.9090909091
5.28571428571
1.62266946537
2.24445631846
2.61367521368
0.396206533193
1.38272447934
13.1112040134
0.947834645669
0.944444444444
4.49573344169
1.33333333333
1.77380952381
0.641084337349
0.822580645161
1.03079710145
2.10071029934
3.07659694743
1.23444976077
4.34274932615
1.65681444992
0.176470588235
1.242784435
3.75
0.183448275862
1.40429958391
2.84210526316
0.167415730337
3.55384615385
0.473778041896
3.89042207792
6.01643835616
1.04561403509
3.31792717087
0.0
2.51481481481
0.162790697674
0.85257101762
3.73475177305
5.98595890411
0.56125608138
0.16847826087
2.59541062802
0.226145889067
2.6573680063
2.2025974026
2.04131355932
6.30434782609
1.13333333333
4.91928864569
0.753039513678
3.13752052545
0.641666666667
4.95923913043
5.70258064516
2.34196078431
0.328534031414
5.81369426752
1.33228247163
5.43939393939
2.82675814751
1.29224030038
0.831383622428
0.675396825397
2.03580097087
0.0434782608696
0.742118863049
2.85695006748
0.670144243854
1.68722943723
0.606306306306
1.55
1.32007575758
5.90851449275
1.53421052632
1.26282051282
0.264705882353
2.55285714286
0.532142857143
1.4479638009
1.55270092227
9.40476190476
2.41176470588
1.20909090909
1.90056497175
8.64743589744
1.17292852625
0.938271604938
5.53069053708
3.90909090909
8.15870535714
1.26679649464
5.2867501648
0.325885526624
2.00616631431
1.06770833333
3.66666666667
2.30406212664
0.491996119331
2.48284845853
1.60006027728
1.03377902885
2.71758598313
0.298969072165
0.505935483871
0.341772151899
0.808319112628
1.09219735591
5.95454545455
1.45512820513
1.55319148936
0.564102564103
1.48753738784
30.3952380952
3.47299509002
2.03259452412
1.91333333333
1.35147058824
0.560483870968
0.578936478378
3.97459749553
0.580357142857
2.94892812106
2.06021505376
2.03863636364
0.145981410607
2.25581395349
0.809617918314
1.88034188034
1.65909090909
2.81773399015
1.84807692308
7.1737804878
0.953902500631
3.42393939394
2.95047087548
1.61585944919
1.1597359736
0.376
1.84745762712
6.40990712074
0.73253968254
1.17873303167
1.0375
0.423326572008
0.505
0.696428571429
0.264
1.67283364959
0.135746606335
2.79471982759
2.53794666955
6.58823529412
0.855479925027
0.653159809048
5.73780487805
7.00829493088
2.39166666667
0.890248878009
1.15189873418
5.8501452885
0.954011166618
2.81470509022
6.0
0.05
3.84983515351
3.50752923977
1.05742296919
0.672839506173
6.39682539683
2.64037319763
0.908095238095
15.4027777778
0.769971655001
7.5629984051
8.35476718404
0.415614743752
2.63888888889
0.744639740713
2.10416666667
5.78
2.4686318972
0.136111111111
0.970085470085
4.15384615385
5.6662289916
1.04722850679
1.07142857143
2.76969566156
4.18130457114
1.61363636364
1.07671957672
2.4360225713
0.355263157895
3.51124338624
3.93751103266
0.438034188034
2.76739050423
1.68
0.666666666667
2.06666666667
2.54615384615
0.150650789255
1.02173913043
0.930861909175
2.54349415205
3.51127473539
1.86925383078
4.59431565576
0.36627140975
18.6
1.72494172494
0.328571428571
4.8773369813
0.18783219855
2.82071887785
0.552801992528
4.76666666667
2.64457081926
0.391111111111
0.5691851257
1.3843537415
3.27407075683
0.0
0.969651554889
3.4
4.1548463357
0.831818181818
1.35135135135
2.35991820041
3.25519949066
1.41949152542
1.68455743879
2.63663967611
0.633595754861
1.4682952183
1.66264667536
0.411957411957
1.31073446328
0.850746268657
2.59195830231
2.99022556391
1.07040998217
6.44117647059
0.798036465638
54.6666666667
5.20103028798
3.29608938547
2.78897502153
4.19230769231
0.611959883775
4.16678648454
0.41091954023
1.68229331644
0.210816326531
0.527587450415
1.71393078971
4.6125
3.35725408195
1.4712462987
0.8125
2.46144544032
0.538461538462
0.336398467433
1.13013473546
0.959183673469
0.942307692308
1.71791044776
0.958466715916
0.26523297491
4.62155388471
2.09523809524
2.58154235145
8.42657342657
3.02697145622
0.166666666667
6.52744425386
1.27889358703
2.1512605042
8.67863247863
10.3918246005
5.83723653396
1.49780119102
2.21794871795
2.26470588235
0.0909090909091
1.05457142857
1.81851851852
3.05769230769
1.76835820896
0.811728577334
3.0
5.46184738956
1.75
1.71428571429
0.599206349206
0.860169491525
21.0795454545
0.56
2.875
2.15189283634
0.381801125704
1.14280523256
1.40476190476
1.2976744186
2.40079986089
3.07142857143
1.47534600047
3.96691176471
1.01747257213
3.92857142857
6.91704545455
7.68561403509
0.662745098039
1.19463869464
5.55915492958
0.0805152979066
3.77573529412
2.66666666667
1.5126984127
1.41919191919
4.06873239437
3.0
1.81495607952
1.69859943978
3.59298245614
0.267492467359
4.0313253012
11.575
1.4
1.24603174603
1.15189873418
0.521739130435
0.385714285714
3.11111111111
2.90937829294
5.19607843137
3.48636363636
2.84057971014
1.01379786133
0.994252873563
0.755244755245
0.124786324786
2.58916738692
1.09090909091
2.75746714456
1.55137844612
4.12915800416
2.51228070175
0.693069306931
1.78571428571
1.32894736842
0.0886075949367
0.867199053534
6.97071872227
3.65909090909
2.90657894737
7.4329004329
6.2628992629
0.34
0.443609022556
0.702092274678
1.59754110502
2.34545454545
5.05855855856
1.79220779221
4.99107142857
2.47718733226
3.40634920635
4.31906976744
11.4840342679
1.25095785441
0.169491525424
1.74761904762
6.64285714286
5.82679738562
0.615611814346
2.09090909091
2.41162790698
0.604081632653
3.59090909091
2.15172763369
1.98922673215
5.71594202899
0.03125
0.732919254658
2.4496124031
3.23641304348
10.8946708464
3.82857142857
0.820569620253
1.25494071146
6.88997695853
1.67391304348
0.5
0.725
31.7874213836
5.06233766234
0.154589371981
2.35
1.76317974263
3.72307692308
8.05900621118
1.67208434
1.12416949153
2.05591122493
3.11857923497
15.35
0.594326241135
6.30274725275
6.27727272727
3.77570093458
2.71794871795
4.25
2.24071400446
0.614367816092
9.68321678322
0.465882954255
1.8875
9.77004909984
6.87428571429
5.33821510297
2.91111111111
6.3780952381
1.36060606061
2.20547945205
0.738189393404
2.66228571429
0.710144927536
3.38888888889
0.805938428524
2.34631458967
1.36
0.320216362407
1.60372433402
0.608070500928
0.993333333333
1.94102564103
7.96231884058
1.45648795649
4.75219941349
0.377518557794
1.12051282051
7.78571428571
1.99561446253
7.0
2.6
0.623376623377
12.1
2.25341817869
6.91032608696
1.61023074785
1.10344827586
1.6721719457
1.48209366391
3.46323529412
4.1625
0.445079365079